105802000090076405200400819019007306762083090000061050007600030430020501600308900

// masih error kalo pake sudokuKemungkinan.js
000075400000000008080190000300001060000000034000068170204000603900000020530200000
302609005500730000000000900000940000000000109000057060008500006000000003019082040
000000907000420180000705026100904000050000040000507009920108000034059000507000000
100920000524010000000000070050008102000000000402700090060000000000030945000071006
043080250600000000000001094900004070000608000010200003820500000000000005034090710
001900003900700160030005007050000009004302600200000070600100030042007006500006800
020030090000907000900208005004806500607000208003102900800605007000309000030020050
005000006070009020000500107804150000000803000000092805907006000030400010200000600
040000050001943600009000300600050002103000506800020007005000200002436700030000040
360020089000361000000000000803000602400603007607000108000000000000418000970030014
500400060009000800640020000000001008208000501700500000000090084003000600060003002
000000000079050180800000007007306800450708096003502700700000005016030420000000000
030000080009000500007509200700105008020090030900402001004207100002000800070000090
380000000000400785009020300060090000800302009000040070001070500495006000000000092
000158000002060800030000040027030510000000000046080790050000080004070100000325000
010500200900001000002008030500030007008000500600080004040100700000700006003004050
080000040000469000400000007005904600070608030008502100900000005000781000060000010
000700800006000031040002000024070000010030080000060290000800070860000500002006000
001007090590080001030000080000005800050060020004100000080000030100020079020700400
000003017015009008060000000100007000009000200000500004000000020500600340340200000
300200000000107000706030500070009080900020004010800050009040301000702000000008006
